10994
18019
18006
18012
18014
18017
18006
18020
18010
18008
18012
18002
18010
13421
18019
18000
16301
18005
10283
18012
12909
18018
18002
18005
18004
18015
18009
18000
14924
18018
18000
18018
18015
18011
18005
18009
18018
18015
1063
18004
18019
18010
18019
18006
19855
18008
18011
18017
18016
1900
18012
19702
18007
18020
18019
18009
18016
18574
18012
18013
18000
18011
18006
18017
18015
18877
18020
18012
18003
18012
18001
12064
18005
18003
18006
18019
18013
18015
18017
18020
18013
18013
18016
18010
18019
13349
18002
18013
1866
18004
18001
18012
18016
18001
18968
18017
18015
-1367
18012
18005
18002
18009
18007
18007
1992
18005
9579
18000
18007
18017
15239
12704
16329
18007
18002
9482
18018
18001
18015
2612
18008
18006
18008
18011
18008
18004
18001
18014
18005
18016
18008
18009
18012
19778
12638
18009
18013
18016
18006
18000
18017
18012
18011
3527
18011
18013
18016
1927
18019
4699
18009
18009
18002
18009
14699
18015
17716
18012
12944
18001
18454
18018
18014
18000
18000
18016
18020
16595
18006
18008
18847
18008
18016
4287
18007
18009
4447
18018
9422
18206
18018
18007
13263
18018
18004
18001
18006
18001
4843
18015
18009
18010
14650
18012
18002
18006
18008
18003
18013
18017
10276
18162
18007
18010
18011
-941
18004
18017
18018
1702
18019
12766
18003
18000
18000
1821
18019
18016
18015
12528
18007
18012
18016
-535
9042
4426
18017
18004
18001
18004
18016
-1497
18007
18016
18019
8328
18019
18017
17920
18011
10196
5465
18013
18009
17447
18010
18015
16560
18020
18016
18010
18000
18007
18000
18012
13736
18002
18020
18017
18011
18016
18020
18012
18020
18019
18000
18012
16871
18009
10580
18014
18003
19987
18001
18018
14775
11738
18004
18017
18016
18014
18013
18000
18012
16703
18020
18006
18006
18014
18005
-597
18006
18013
18007
18018
18003
18012
18004
17864
5598
18010
18537
18020
18001
18016
18011
18004
18006
18010
18000
18012
18013
18001
18015
18013
3214
18013
2739
18010
13983
18005
18011
18001
18016
18003
18001
10179
18012
18010
16765
18008
18012
18008
18003
18004
18017
18011
18003
13252
18017
18020
6412
18020
18009
18013
4026
18018
18011
18015
18016
18017
18009
18005
18003
18019
17901
18005
18008
6949
18008
18017
18000
18015
18001
417
18018
18002
18002
3000
17651
18004
18012
18013
18010
18017
18000
18000
8651
18017
18020
18007
18004
6946
7158
5668
18010
18018
6342
18008
18020
18020
18002
18009
18014
18005
18018
18005
18005
14656
18018
18018
18015
1947
16390
18004
3621
54
10157
18001
18019
186
18010
4448
18007
18017
18002
18020
18006
18014
17792
18015
18010
18592
18008
18001
18017
18011
18006
223
18017
18011
18017
18020
18010
18005
9925
18018
18006
18008
18018
18014
18002
18008
18003
18018
4074
18009
18015
7918
18015
18001
18008
18011
18007
18003
18010
1333
18004
18002
18016
-674
18016
18012
18009
18012
3238
18000
18012
18017
18020
5230
18005
18010
18018
8164
18015
18000
-1356
9753
18009
18001
9887
2170
18006
1406
9457
18010
18007
18002
18002
18001
18016
18018
2217
18020
18016
18015
17478
18010
18000
781
18006
18007
18010
18012
18001
18015
18018
18011
18010
18017
18015
18006
-908
18016
15152
18004
10657
18000
18017
18017
18016
18005
18012
15090
18012
18014
18000
18014
-1077
18007
15060
9404
5405
18005
18016
18010
14576
18005
18001
18011
18005
18017
18008
18003
11034
18018
18001
18002
18017
7938
-596
18007
18018
18000
18018
18016
18009
18002
18001
18013
18005
18003
18008
18018
18009
18014
18006
18000
18014
3663
18001
18010
18019
18010
18017
18000
18000
18012
18019
18005
18016
18009
18002
18019
17770
14495
3015
18007
18001
18016
18016
18009
18020
3026
9357
18012
18012
18006
18002
18015
18016
1759
18002
18004
18013
18011
18000
18014
16263
18001
18013
18009
4625
18000
18011
3075
18001
18010
18019
18011
18007
18008
18010
18004
18010
18007
18014
8634
18009
18012
18009
18009
18003
18011
18012
15618
17677
18010
6330
18000
18006
18015
4216
18003
18012
18020
18020
18016
18013
2145
18017
18015
18008
18015
18010
18004
18008
288
18020
18002
18006
14326
18010
18756
18017
18000
18003
18019
18019
18010
18017
18003
18020
5763
18017
14674
18005
18018
18008
18008
8357
18017
18002
18020
18009
18012
18002
-1322
18019
18012
18015
18012
18000
18009
18004
18006
18005
18000
18006
18009
18027
18006
18008
18017
18004
18018
18003
6431
18002
18002
18008
16625
18013
3700
18014
18004
18015
18019
18012
18006
18015
18014
18018
18018
18005
18014
18014
18008
15826
18006
18014
18005
18014
10477
18016
18007
18009
18009
18007
18018
18016
18006
18000
18005
18011
18016
18011
18019
7833
18015
15454
18019
18007
18000
4538
18007
18003
18004
18005
18017
18014
18009
18005
18007
18002
18017
18012
18000
18010
1508
18001
18017
16136
18009
18008
18004
18016
18004
18012
18738
18000
18002
6167
18001
18019
18013
18009
-1293
17951
18004
18002
18018
2007
18017
18009
18018
18004
18012
18011
18013
18003
18003
18014
18010
18010
18006
18006
18011
18017
18003
18006
18001
18018
18005
18017
18011
8043
18018
15920
5558
18004
18005
18020
18006
18011
18009
18006
18005
18002
6686
18014
-771
18011
18016
18016
18012
18018
18007
18018
18012
7715
18007
18008
18020
18003
18007
18003
18004
18998
18020
14637
18020
18001
18008
7761
12265
18019
18005
18016
18009
11987
-374
18010
18010
18009
18004
18003
18014
-258
18003
18001
18004
388
18005
18016
18018
19021
18008
18015
18004
18015
9276
18012
18000
18010
7699
18018
18005
6202
18014
18013
18005
18002
18009
18010
18009
18000
18004
18003
7019
18020
18007
19097
18013
18011
19637
13543
14386
18016
18007
18000
18011
18004
18018
18005
8994
17698
18006
18015
18003
18000
18016
18003
18010
18006
18020
18013
18006
13480
18010
18020
18007
19561
18019
-1414
18014
18012
18010
18013
18018
18004
18017
18012
18001
18001
18016
18014
18009
18012
18005
4990
18008
18006
18016
18000
18016
18008
18006
18018
16320
18001
18011
18265
18005
18001
18013
18007
18006
18017
18007
18019
18006
18009
18014
18013
18008
18018
18009
18012
18020
18015
18009
18013
18011
18016
18009
18009
18000
18007
18019
18006
18020
18003
18014
18004
18004
17153
18008
18016
